cutadapt	filtered	denoised	tabled	nonchim	file_code
45540	44296	43943	43943	28966	CTD-NpetB-128
38133	37001	36752	36752	26564	CTD-NpetB-129
34678	33761	33335	33335	21960	CTD-NpetB-130
38323	37332	37181	37181	27793	CTD-NpetB-131
50554	49137	48805	48805	34822	CTD-NpetB-132
44032	42815	42520	42520	29443	CTD-NpetB-133
37405	36445	36054	36054	25597	CTD-NpetB-134
40796	39731	39320	39320	27837	CTD-NpetB-135
37527	36521	36117	36117	26386	CTD-NpetB-136
39758	38670	38163	38163	27221	CTD-NpetB-137
41887	40753	40430	40430	29647	CTD-NpetB-138
37297	36296	35835	35835	26851	CTD-NpetB-139
42878	41690	41249	41249	29947	CTD-NpetB-140
40653	39563	38989	38989	28313	CTD-NpetB-141
39465	38439	38129	38129	27208	CTD-NpetB-142
44908	43729	43246	43246	30273	CTD-NpetB-143
40122	39115	38751	38751	27053	CTD-NpetB-144
42913	41738	41211	41211	28288	CTD-NpetB-145
45753	44527	43913	43913	31424	CTD-NpetB-146
31691	30799	30407	30407	20835	CTD-NpetB-147
37219	36247	35869	35869	26263	CTD-NpetB-148
41230	40100	39561	39561	29090	CTD-NpetB-149
36557	35614	35314	35314	25819	CTD-NpetB-150
41972	40882	40531	40531	29413	CTD-NpetB-151
33823	32833	32543	32543	19538	CTD-NpetB-152
41237	40069	39673	39673	22828	CTD-NpetB-153
39761	38634	38128	38128	22649	CTD-NpetB-154
42069	40772	40276	40276	23031	CTD-NpetB-155
38077	36967	36433	36433	21113	CTD-NpetB-156
41666	40480	40015	40015	23377	CTD-NpetB-157
35155	34141	33883	33883	19454	CTD-NpetB-158
44352	43033	42606	42606	24614	CTD-NpetB-159
38037	36956	36543	36543	20608	CTD-NpetB-160
43838	42583	42140	42140	23582	CTD-NpetB-161
45540	44214	43703	43703	26074	CTD-NpetB-162
35200	34155	33800	33800	19949	CTD-NpetB-163
41551	40416	39932	39932	25114	CTD-NpetB-164
43625	42457	41866	41866	26314	CTD-NpetB-165
40075	38904	38340	38340	24066	CTD-NpetB-166
41538	40349	39929	39929	24832	CTD-NpetB-167
34922	33910	33534	33534	20811	CTD-NpetB-168
38481	37357	36749	36749	24659	CTD-NpetB-169
42059	40958	40457	40457	25778	CTD-NpetB-170
43321	42085	41382	41382	25376	CTD-NpetB-171
34617	33658	33072	33072	21485	CTD-NpetB-172
45313	44114	43485	43485	27268	CTD-NpetB-173
35881	34904	34584	34584	23737	CTD-NpetB-174
44516	43066	42648	42648	28485	CTD-NpetB-175
42389	41301	40935	40935	30040	CTD-NpetB-176
43781	42614	42149	42149	32107	CTD-NpetB-177
43555	42431	41974	41974	30616	CTD-NpetB-178
36729	35775	35260	35260	26367	CTD-NpetB-179
37424	36495	36173	36173	26276	CTD-NpetB-180
38504	37499	37087	37087	27465	CTD-NpetB-181
34094	33220	32842	32842	25190	CTD-NpetB-182
42363	41227	40713	40713	30286	CTD-NpetB-183
44770	43607	43143	43143	30516	CTD-NpetB-184
39654	38583	38208	38208	27862	CTD-NpetB-185
44010	42899	42423	42423	31710	CTD-NpetB-186
42336	41157	40805	40805	30254	CTD-NpetB-213
40501	39444	38936	38936	28761	CTD-NpetB-214
41959	40840	40333	40333	30094	CTD-NpetB-215
37356	36298	35779	35779	27226	CTD-NpetB-216
41855	40693	40118	40118	27477	CTD-NpetB-217
42909	41802	41527	41527	29812	CTD-NpetB-218
46468	45267	44872	44872	32312	CTD-NpetB-219
45292	44037	43631	43631	30429	CTD-NpetB-220
39462	38402	38039	38039	28052	CTD-NpetB-221
38291	37267	36891	36891	25399	CTD-NpetB-222
38533	37526	36858	36858	26656	CTD-NpetB-223
44247	43097	42631	42631	29744	CTD-NpetB-224
44390	43053	42769	42769	38603	syn-01-10
45095	43788	43570	43570	36730	syn-01-20
42183	40863	40542	40542	29322	syn-02-10
38095	36766	36611	36611	27381	syn-02-5
37963	36817	36661	36661	29841	syn-03-10
54675	53086	52803	52803	39288	syn-03-2
45921	44587	44378	44378	35592	syn-03-4
51756	50197	49824	49824	44560	syn-04
43080	41900	41581	41581	38352	syn-06
44820	43429	43322	43322	38750	syn-07
39574	38321	38243	38243	34545	syn-08
41157	39687	39670	39670	35571	syn-11
45918	44526	44258	44258	26525	syn-12
43739	42222	42139	42139	33815	syn-18
45197	43621	43485	43485	36878	syn-19
41107	39637	39455	39455	32767	syn-20
40737	39389	39154	39154	30888	syn-21
51573	49929	49845	49845	36524	syn-22
42243	40760	40621	40621	33475	syn-23
43919	42290	42250	42250	34820	syn-24
44533	43005	42864	42864	32530	syn-25
44056	42466	42267	42267	32250	syn-26
42342	40832	40729	40729	32984	syn-27
54993	53109	52912	52912	44508	syn-28
43334	41853	41778	41778	34334	syn-29
50979	49150	48763	48763	39168	syn-30
47191	45497	45407	45407	38011	syn-31
42018	40535	40337	40337	31641	syn-32
49258	47604	47361	47361	39832	syn-33
50197	48487	48373	48373	38348	syn-34
47998	46296	46222	46222	35522	syn-35
44374	42899	42745	42745	34269	syn-36
43975	42526	42328	42328	35613	syn-37
47596	46015	45817	45817	36672	syn-38
49824	48105	48051	48051	38441	syn-39
48328	46671	46428	46428	37882	syn-40
50327	48593	48503	48503	41761	syn-41
46978	45511	45269	45269	37795	syn-42
45015	43557	43407	43407	32161	syn-43
41892	40572	40509	40509	34221	syn-44
34918	33723	33656	33656	25556	syn-45
43330	41937	41792	41792	34718	syn-46
38146	36897	36777	36777	26871	syn-47
49185	47591	47289	47289	34147	syn-48
49560	47901	47579	47579	33353	syn-49
51189	49406	49018	49018	36573	syn-50
57079	55333	54965	54965	36948	syn-51
49204	47760	47409	47409	32079	syn-52
45296	43801	43680	43680	33605	syn-53
46086	44625	44368	44368	33523	syn-54
47914	46332	46123	46123	38467	syn-55
56490	54711	54339	54339	29183	syn-56
48455	46851	46528	46528	32996	syn-57
41678	40384	40207	40207	28675	syn-58
52541	50867	50608	50608	32830	syn-59
40199	38920	38736	38736	34354	syn-60
44400	43025	42556	42556	28543	syn-61
43323	42152	41770	41770	29383	syn-62
45325	43980	43677	43677	32608	syn-63
48982	47441	47254	47254	30609	syn-64
49677	48312	47983	47983	34410	syn-65
44935	43621	43350	43350	29570	syn-66
48426	47049	46657	46657	32622	syn-67
38797	37651	37480	37480	27211	syn-68
48404	47027	46748	46748	32144	syn-69
44777	43487	43249	43249	29034	syn-70
47073	45661	45364	45364	30474	syn-71
45757	44328	44079	44079	30523	syn-72
48277	46847	46536	46536	33082	syn-73
47984	46698	46236	46236	31732	syn-74
48903	47518	47092	47092	33882	syn-75
43986	42800	42266	42266	31007	syn-76
45358	44059	43837	43837	28319	syn-77
44182	42870	42509	42509	27954	syn-78
52082	50409	50203	50203	41733	syn-79
45285	43850	43778	43778	36008	syn-80
48540	47024	46697	46697	38463	syn-81
45929	44462	44284	44284	36785	syn-82
47530	46104	45890	45890	36279	syn-83
47138	45694	45493	45493	35357	syn-84
48682	47341	47226	47226	36416	syn-85
48532	46877	46615	46615	33286	syn-86
53713	51844	51483	51483	41995	syn-87
50952	49422	49195	49195	40053	syn-88
201	159	150	150	139	syn-negr1-2
